"chromosome" "start.pos" "end.pos" "Bf" "N.BAF" "sd.BAF" "depth.ratio" "N.ratio" "sd.ratio" "CNt" "A" "B" "LPP"
"chr1.1" "chr1" 802338 9006105 0.34830968590698 254 0.0911920838470089 0.86870058973734 20385 0.546371599296111 3 2 1 -4.9351005627741
"chr1.2" "chr1" 9073483 19597420 0.418418643344696 441 0.0894434720584882 0.586499407476828 29077 0.190878033081335 2 1 1 -4.94916741892778
"chr1.3" "chr1" 19612477 20107018 0.0940304755266315 9 0.05631705879315 0.525105398026084 926 0.189514233678626 2 2 0 -5.03692312159722
"chr1.4" "chr1" 20233086 31465631 0.418078684915119 279 0.0885986420487853 0.583600111439652 30534 0.174910484291825 2 1 1 -4.95027446034544
"chr1.5" "chr1" 31478644 120529750 0.334018892132811 1273 0.0896033792062171 0.883391571084316 169367 0.292869456802817 3 2 1 -4.94164780764458
"chr1.6" "chr1" 143767943 145116027 0.315128214193408 110 0.108386317147449 1.20391855777944 1814 0.31124578158283 4 3 1 -5.06096051207955
"chr1.7" "chr1" 145281203 249141454 0.398111799940652 2397 0.0713775462646755 1.40474617754459 264035 0.438634773857869 5 3 2 -4.9392338403616
"chr2.1" "chr2" 224919 23865516 0.265246918041819 299 0.0752221850145204 1.17610072706128 23727 0.415762466292939 4 3 1 -4.93423094975614
"chr2.2" "chr2" 24390517 39163209 0.428001676140266 364 0.0905413355368785 0.618519734994627 35544 0.174531898796287 2 1 1 -4.95780279299935
"chr2.3" "chr2" 39988703 43015902 0.155902884607862 29 0.119989367345036 0.364174678335202 1580 0.105524887596916 1 1 0 -4.99720129917095
"chr2.4" "chr2" 43754992 47613870 0.346759801873332 83 0.0780270509991795 0.876488693197596 7386 0.274678448127975 3 2 1 -4.93381837405936
"chr2.5" "chr2" 47656801 48022900 0.129415498745506 11 0.139961488209501 0.461643195146362 261 0.226630007177462 1 1 0 -5.09367041577987
"chr2.6" "chr2" 48023115 90249506 0.338681430563355 566 0.081461222397885 0.894268664177503 57329 0.280597333196803 3 2 1 -4.93607917736512
"chr2.7" "chr2" 95540543 97030247 0.112301271150278 27 0.123936168204337 0.841293694957427 3722 0.636440104132233 3 3 0 -5.1696416652983
"chr2.8" "chr2" 97267293 237032837 0.342233010210946 1976 0.0890148806699169 0.916059810184331 219357 0.301160795596504 3 2 1 -4.93537550131187
"chr2.9" "chr2" 237233178 242793559 0.418073463275529 221 0.0787283571298923 0.615541740216575 13259 0.355021889446779 2 1 1 -4.93989203362302
"chr3.1" "chr3" 361493 12229015 0.286309344003895 194 0.0857886896286538 1.09057108161806 18658 0.366783642240079 4 3 1 -4.96021721212481
"chr3.2" "chr3" 12393125 27760546 0.20963458859831 194 0.0689153509526233 1.51374537028804 22850 0.493758803713523 5 4 1 -4.94595585246237
"chr3.3" "chr3" 28520576 32933362 0.34225113907444 38 0.0941179498180429 0.985362946984064 3614 0.409343583363341 3 2 1 -4.95710957024437
"chr3.4" "chr3" 32933366 42251329 0.171496410284119 169 0.0700167813882148 1.72166663488076 25070 0.459633990468915 6 5 1 -4.94339383518052
"chr3.5" "chr3" 42264393 51395571 0.369521180246153 217 0.0898809544833386 0.793254767193256 39955 0.247128912411987 3 2 1 -4.99959633107398
"chr3.6" "chr3" 51418348 55003733 0.332865152468304 163 0.089857023698879 0.840912668198709 18082 0.277860118210585 3 2 1 -4.95164178849589
"chr3.7" "chr3" 55107944 74548611 0.422286934695932 199 0.0859391871093814 0.633228075660845 19491 0.171853781214945 2 1 1 -4.94620467715584
"chr3.8" "chr3" 75679790 87313353 0.342995673374165 128 0.0876511542425943 0.960708244426539 3459 0.242141052195993 3 2 1 -4.94640273950204
"chr3.9" "chr3" 93646396 107447857 0.452987632042578 139 0.040453978120091 1.20362231286454 12709 0.313647093630225 4 2 2 -5.05668630988027
"chr3.10" "chr3" 107524110 118867047 0.347743719499181 210 0.0836827136246236 0.948732055484513 16337 0.296915929493343 3 2 1 -4.94208430426401
"chr3.11" "chr3" 118906442 133109322 0.292215941760932 377 0.0824738687971523 1.84919200209345 52132 0.627700976390459 7 5 2 -4.94245168830179
"chr3.12" "chr3" 133167363 173997153 0.435360252309088 394 0.0847262752249182 1.186910713463 52209 0.363341626548308 4 2 2 -4.97969544302833
"chr3.13" "chr3" 174814738 197762623 0.343577383323008 504 0.0909579166165448 0.892256131203967 39704 0.302301486113356 3 2 1 -4.93328747493159
"chr4.1" "chr4" 299259 47163630 0.34778053543304 510 0.0844030638946667 0.901644173254107 51463 0.334690766060047 3 2 1 -4.93343231204046
"chr4.2" "chr4" 47408665 49063872 0.442418655156873 60 0.0606091022606024 1.21278524764565 6489 0.332395722600213 4 2 2 -5.00899667462448
"chr4.3" "chr4" 52752812 66197804 0.445299802151639 90 0.0621693310069578 1.20177342586069 11478 0.365203315598723 4 2 2 -5.01947245489087
"chr4.4" "chr4" 66233029 115898522 0.343241366969863 588 0.0863632799701381 0.92619368715746 67896 0.264210302428366 3 2 1 -4.93665352127431
"chr4.5" "chr4" 115997164 126408586 0.398386918926549 113 0.0636532265407798 1.48333645022866 12882 0.399596272666196 5 3 2 -4.9421077617902
"chr4.6" "chr4" 128554404 169382991 0.348279739031728 293 0.0854926513286549 0.925139832383995 35547 0.254298202340369 3 2 1 -4.9363884590713
"chr4.7" "chr4" 169589214 190903688 0.0776621364172523 154 0.0727621203701991 0.687327604242661 16122 0.20644050458847 2 2 0 -4.95822887806348
"chr5.1" "chr5" 169301 19520932 0.437413435768393 262 0.0688145642603071 1.20948126556803 19659 0.470812472255976 4 2 2 -4.98949010529513
"chr5.2" "chr5" 19612338 44809162 0.336077714832853 267 0.0880236381872927 0.916182431393981 26314 0.229287124403373 3 2 1 -4.94034709502608
"chr5.3" "chr5" 50045825 180582604 0.34436563496733 1757 0.0898985545735514 0.908168081243135 177443 0.308876546599924 3 2 1 -4.93382167545653
"chr6.1" "chr6" 312023 57512889 0.390676945370682 1275 0.0830599019790709 1.38381693362037 124418 0.43808873446455 5 3 2 -4.93578114516537
"chr6.2" "chr6" 62407067 65767634 0.305703212462662 12 0.118031582830421 2.16470314914681 2478 0.758469010081441 7 5 2 -4.96201062577773
"chr6.3" "chr6" 66005857 75875516 0.350279009671997 118 0.0764701982553215 0.958343082777784 9456 0.265950335263041 3 2 1 -4.94622102187753
"chr6.4" "chr6" 76633135 159692596 0.440775373765916 886 0.0719768477043192 1.17976772031669 107310 0.364040536051746 4 2 2 -4.99851841926544
"chr6.5" "chr6" 159929560 170892848 0.343136666870548 193 0.0924268861025373 0.913681214422452 14944 0.306283339902506 3 2 1 -4.93472317120511
"chr7.1" "chr7" 286534 6226799 0.419486421447278 193 0.101262469380788 1.1440396594504 13363 0.901689583724356 4 2 2 -4.94181849727321
"chr7.2" "chr7" 6227341 57529392 0.340413889058884 752 0.0887358378991877 0.915523465740072 57245 0.314895463456888 3 2 1 -4.93629579294879
"chr7.3" "chr7" 63505837 158482318 0.437766668318107 1547 0.076392019329209 1.15074210194658 162837 0.407676094044168 4 2 2 -4.9869198953654
"chr8.1" "chr8" 381266 43172409 0.419116240662548 627 0.0823980743562435 0.628186420385514 54801 0.192809898628059 2 1 1 -4.94087813229935
"chr8.2" "chr8" 48614663 63976677 0.255730872569991 74 0.0813076759663426 1.20618759451499 14036 0.432727719937235 4 3 1 -4.94706368353517
"chr8.3" "chr8" 63976754 87951714 0.383619461206772 183 0.080582224627018 2.10605067906349 27300 0.741005764420276 7 4 3 -4.96158561074973
"chr8.4" "chr8" 90922104 97247469 0.269962502099557 102 0.0609546975257545 1.18233006868653 9326 0.301218314073172 4 3 1 -4.93381463564476
"chr8.5" "chr8" 97255951 109498656 0.418921058572602 145 0.0672691789228187 1.94711345775239 20279 0.499277307716597 7 4 3 -4.95319999818882
"chr8.6" "chr8" 110348249 110539186 0.281837897877116 48 0.076906685651329 1.2787814730261 2346 0.290933263388911 4 3 1 -4.96509382386952
"chr8.7" "chr8" 110542298 136561153 0.374608401776973 285 0.0683517356961117 2.18415790833759 33233 0.67708094173855 7 4 3 -4.99972319182832
"chr8.8" "chr8" 136659195 144946345 0.438384841565974 188 0.074509262642927 2.15339829009291 15085 1.67048381014584 7 4 3 -5.0370471265386
"chr8.9" "chr8" 144946818 145113354 0.1821943605576 9 0.200113093024919 2.35170356327628 1888 2.72586890083995 7 6 1 -5.04020219331131
"chr8.10" "chr8" 145245647 146171748 0.427169769182913 63 0.1090151156625 2.08730483650602 5768 2.12918889455778 7 4 3 -4.98347377670436
"chr9.1" "chr9" 271638 34727861 0.44305180180919 387 0.0689552732700388 1.15544391629748 40031 0.345868669326571 4 2 2 -5.00709302720589
"chr9.2" "chr9" 34729452 38615779 0.317147095954997 64 0.103229421639683 0.844306202977759 13181 0.274689655354396 3 2 1 -4.98949734990463
"chr9.3" "chr9" 70993081 141009015 0.344480100806721 1504 0.0904201055244834 0.876985415403421 141603 0.34146643027899 3 2 1 -4.93383816295846
"chr10.1" "chr10" 332012 35484949 0.42541400723844 592 0.0859492799882998 0.630758497070815 40294 0.226955041926999 2 1 1 -4.95200149998248
"chr10.2" "chr10" 43089965 105973981 0.343719330189158 1012 0.0905803918058039 0.880379596374557 104601 0.302626621468906 3 2 1 -4.93370778244957
"chr10.3" "chr10" 105978690 135182280 0.418826594093807 500 0.086363270114382 0.632304201720461 39422 0.241116808566966 2 1 1 -4.94078842792963
"chr11.1" "chr11" 193096 48328644 0.4360555693892 1134 0.0718043642023425 1.14959684071696 100287 0.454668366850488 4 2 2 -4.98106753788241
"chr11.2" "chr11" 48346458 48374174 0.304342957767671 42 0.0500355738722899 1.24815335791832 237 0.158368866408098 4 3 1 -5.01938266587699
"chr11.3" "chr11" 48510777 51516036 0.446354727339933 16 0.055378357686013 1.26858437131658 566 0.374637934128383 4 2 2 -5.04008333022978
"chr11.4" "chr11" 55032582 60531346 0.44356751424422 229 0.0697583913575256 1.21243120130684 16523 0.27769449607443 4 2 2 -5.01368325853511
"chr11.5" "chr11" 60542953 119548052 0.437490219242669 1332 0.0716045041788058 1.11276901741369 142041 0.447917826332732 4 2 2 -4.99007989508858
"chr11.6" "chr11" 119986167 134244228 0.36001786189902 360 0.0860464659655972 0.900701700603197 25916 0.224421920673449 3 2 1 -4.94514997420692
"chr12.1" "chr12" 250239 10324431 0.339034492009539 372 0.0928292098915167 0.856528562965872 33313 0.262269011399894 3 2 1 -4.9398630479846
"chr12.2" "chr12" 10342337 10786797 0.121783435092678 11 0.0777231684190172 0.391632624469892 1065 0.118194519546872 1 1 0 -4.95512806981668
"chr12.3" "chr12" 10853808 28412372 0.432902695991366 329 0.0875947392813431 0.668626007308503 24062 0.175454923085415 2 1 1 -4.9821568382694
"chr12.4" "chr12" 28412415 33559593 0.346749671718498 111 0.0854375959457123 0.910666367599879 7371 0.237861414949418 3 2 1 -4.93397760764378
"chr12.5" "chr12" 38710523 109287984 0.343185117665423 1132 0.0883236022650453 0.878847100359733 138912 0.269463726933206 3 2 1 -4.93398568134929
"chr12.6" "chr12" 109293320 114832510 0.424845291709142 170 0.0734163939369958 0.606081990850244 18873 0.242576017787641 2 1 1 -4.95264460130732
"chr12.7" "chr12" 115114036 117477104 0.107441621756996 21 0.0721085821455922 0.365342983530137 1519 0.108721175092343 1 1 0 -4.94978889475275
"chr12.8" "chr12" 117494543 133331537 0.351464365014231 410 0.0805160489245138 0.871523419416019 37134 0.387772565710307 3 2 1 -4.93622259347995
"chr13.1" "chr13" 19755726 24266437 0.175915769772481 43 0.106155551467739 0.962321308021649 5842 0.765126137729989 5 4 1 -5.39576353082598
"chr13.2" "chr13" 24785637 27250945 0.119891758953935 88 0.0646162209383948 2.29207174873378 8352 1.04965276517328 7 6 1 -5.08057685992934
"chr13.3" "chr13" 27256728 30814962 0.196538479334494 40 0.116593079356565 0.698033929599133 4047 0.545358576518265 2 2 0 -5.79053185736077
"chr13.4" "chr13" 31221106 32606087 0.344994322581227 31 0.0840289120750479 0.943239768524029 2101 0.25317342668696 3 2 1 -4.94030666042496
"chr13.5" "chr13" 32676114 49776080 0.119641663350785 279 0.100766718407617 0.410200739788199 21518 0.233122109084594 1 1 0 -4.9819787035217
"chr13.6" "chr13" 49934045 52730056 0.0374103674339769 45 0.0330327813915911 1.04187788898615 5674 0.469778064866301 4 4 0 -4.96101776076074
"chr13.7" "chr13" 53007968 92408505 0.115148909930037 78 0.0820196903415857 0.586158956851011 10469 0.615989739068833 2 2 0 -5.05975932856514
"chr13.8" "chr13" 92796964 96511868 0.173829850327457 30 0.0581658350564667 1.84182523190704 3941 0.548998454732601 6 5 1 -4.95550649493665
"chr13.9" "chr13" 97986448 99134626 0.325665664472208 13 0.141940986292697 0.733670932041731 1648 0.25617659442628 3 2 1 -5.0482832186331
"chr13.10" "chr13" 99356612 109707827 0.157217963806211 88 0.107904537611722 0.681747077936245 9353 0.727345970414865 2 2 0 -5.37192197175479
"chr13.11" "chr13" 109777331 113513598 0.166887637779634 126 0.0653816075297526 1.97713654761034 7777 0.967486137191883 7 6 1 -4.93650443934115
"chr13.12" "chr13" 113724248 115091399 0.115605644483886 51 0.107158852214099 0.50216535209249 4331 0.349569150065552 2 2 0 -5.16415281638566
"chr14.1" "chr14" 19573344 23854352 0.189905364720659 261 0.0602430857777549 1.63588146471842 23570 0.485171648326116 6 5 1 -4.93811508462869
"chr14.2" "chr14" 23886226 107179017 0.416591233826285 1280 0.0916170734863192 0.629077832921434 124759 0.210721055332466 2 1 1 -4.93785575110917
"chr15" "chr15" 20588458 102261634 0.344299401606675 1507 0.0884045812481588 0.87098845238213 164184 0.26247026764682 3 2 1 -4.93456554187968
"chr16.1" "chr16" 97354 3297181 0.387843092955233 295 0.0903213959793535 1.40582807563124 24660 1.42478621052034 5 3 2 -4.93366479632757
"chr16.2" "chr16" 3298865 31539934 0.435029166303552 525 0.0730009535698066 1.09018080562414 70309 0.465742880323735 4 2 2 -4.986959254157
"chr16.3" "chr16" 46642009 58542916 0.0644078454691754 263 0.0593108912317927 0.614045027082365 23792 0.170379827595153 2 2 0 -4.93584341848859
"chr16.4" "chr16" 58552959 58713998 0.288491231471502 15 0.105342163584063 0.88577953640383 1427 0.224117158582391 3 2 1 -5.12442763884829
"chr16.5" "chr16" 61687701 70834517 0.0662768772110415 98 0.0539866851293933 0.584523806228711 22152 0.203399621610205 2 2 0 -4.944383101961
"chr16.6" "chr16" 70883406 71196410 0.318394304130404 226 0.0739297906325286 1.04307961262027 3343 0.198880353904727 3 2 1 -5.03559659720056
"chr16.7" "chr16" 71218926 77396290 0.0579534934043524 125 0.0577846257039183 0.614318382308726 11067 0.347566330477898 2 2 0 -4.94301049566732
"chr16.8" "chr16" 77398386 78420775 0.286581078322541 9 0.117692867715555 0.774049185576152 617 0.246117113299591 3 2 1 -5.18517545835766
"chr16.9" "chr16" 79245465 81737695 0.0738834140046619 90 0.0641212266754313 0.615187160761574 2925 0.177936804603737 2 2 0 -4.93416929467564
"chr16.10" "chr16" 81819768 83251259 0.331811929355395 36 0.121011674630283 0.876787635999049 1397 0.216133259733346 3 2 1 -4.94557724954671
"chr16.11" "chr16" 83781604 90109711 0.0683167853082944 299 0.0717779802545148 0.615346283898675 14864 0.316485324408155 2 2 0 -4.93374855793156
"chr17.1" "chr17" 22211 4088291 0.344393453409122 247 0.0928207249239752 0.83971104903179 16790 0.306498368812784 3 2 1 -4.9420543340494
"chr17.2" "chr17" 4337283 12898994 0.0648575198146183 345 0.0558502205470431 0.593250749295697 38063 0.177453264633113 2 2 0 -4.94108698458837
"chr17.3" "chr17" 13972955 21826256 0.360469913039038 309 0.0895128520782178 0.845545651883898 17499 0.281210450922379 3 2 1 -4.95277286255077
"chr17.4" "chr17" 25909816 81043039 0.345538348465402 1729 0.0922771595492913 0.83957407902252 182214 0.32414678926794 3 2 1 -4.94197778148076
"chr18.1" "chr18" 166542 14796443 0.396369501097585 258 0.0809146269023152 1.44517288999005 23521 0.51811917899468 5 3 2 -4.93696686705484
"chr18.2" "chr18" 18550611 77895192 0.347078658172266 641 0.0865851851431378 0.96117579295998 58840 0.324298528122845 3 2 1 -4.94616575513808
"chr19.1" "chr19" 288062 14000196 0.342593631574112 1037 0.0958645382089688 0.85535111707046 71213 0.579639760844296 3 2 1 -4.93798131809368
"chr19.2" "chr19" 14091556 24310032 0.431091782519431 412 0.0757993742076847 1.07581422842534 36119 0.593672998625732 4 2 2 -4.97954498740605
"chr19.3" "chr19" 30020678 46327166 0.342490567622283 642 0.0898389103141056 0.841461471234205 63529 0.332627677927438 3 2 1 -4.94201010820582
"chr19.4" "chr19" 46330636 59059729 0.428964226010766 968 0.0797770944412665 1.0931668808473 70922 0.553603659007205 4 2 2 -4.96867889685495
"chr20.1" "chr20" 77013 26094557 0.442978443934879 442 0.066861540066485 1.15650219568031 41657 0.621125041253957 4 2 2 -5.00677045882241
"chr20.2" "chr20" 29565972 30385192 0.300199604659675 21 0.117125837904204 1.58450411721971 1864 0.477478480426269 6 4 2 -5.03328375112112
"chr20.3" "chr20" 30407213 62845108 0.357768511706895 781 0.0799947119997941 0.853646073340684 79531 0.329257437623622 3 2 1 -4.94623572790873
"chr21.1" "chr21" 9908134 11098626 0.304316167143821 25 0.1235811204567 1.26286015662199 791 0.398645094525449 4 3 1 -5.02364730653984
"chr21.2" "chr21" 14987811 39795202 0.343492209688316 235 0.0918742809827213 0.897083022588507 24793 0.261711749758272 3 2 1 -4.93337023667043
"chr21.3" "chr21" 39891572 42860494 0.119548964052895 50 0.0907044741600604 0.357777994818584 4258 0.0964542416545787 1 1 0 -4.93390969443996
"chr21.4" "chr21" 43133145 48083526 0.358661718063894 363 0.0895515942318501 0.867090330622362 20574 0.501746292990221 3 2 1 -4.94479416452444
"chr22" "chr22" 17395610 51144731 0.41577543255811 1043 0.0929303536576256 0.581853440157682 84473 0.20493484024727 2 1 1 -4.9487143665498
"chrX.1" "chrX" 2832661 55172675 0.2374973594828 24 0.151732673962552 1.16783408264025 62550 0.385779130256254 4 3 1 -4.99214837646735
"chrX.2" "chrX" 67331934 153906394 0.17879548909159 5 0.130656036982606 1.17423272678704 85728 0.371045861934631 5 4 1 -5.11927042816297
